0.5 113 238 356 461 777 1 187 1 651 2 705 3 754 5 428
1.0 180 381 577 772 1 251 1 919 2 683 4 373 6 043 8 703
1.5 239 508 770 1 045 1 678 2 568 3 610 5 871 8 108 11 651
2.0 296 630 952 1 303 2 089 3 194 4 514 7 334 10 130 14 551
2.5 352 748 1 125 1 548 2 481 3 797 5 393 8 759 12 102 17 395
3.0 406 862 1 289 1 782 2 859 4 381 6 249 10 133 14 028 20 184
3.5 459 973 1 447 2 007 3 224 4 949 7 086 11 495 15 915 22 924
4.0 510 1 090 1 603 2 209 3 610 5 531 7 872 12 973 17 766 25 528
4.5 561 1 198 1 792 2 428 3 967 6 079 8 651 14 257 19 524 28 054
5.0 613 1 309 1 925 2 652 4 333 6 641 9 450 15 575 21 329 30 647
5.5 661 1 412 2 077 2 862 4 676 7 165 10 196 16 805 23 012 33 067
6.0 713 1 522 2 239 3 085 5 040 7 724 10 992 18 116 24 807 35 646
6.5 764 1 633 2 401 3 308 5 405 8 283 11 787 19 427 26 603 38 226
7.0 812 1 734 2 549 3 513 5 740 8 796 12 517 20 630 28 250 40 593
7.5 863 1 843 2 710 3 735 6 103 9 352 13 308 21 934 30 036 43 159
8.0 914 1 953 2 871 3 957 6 466 9 908 14 100 23 238 31 822 45 725
8.5 961 2 052 3 017 4 157 6 793 10 410 14 814 24 415 33 434 48 041
9.0 1 012 2 161 3 177 4 378 7 154 10 963 15 601 25 712 35 210 50 594
9.5 1 063 2 270 3 338 4 599 7 515 11 516 16 388 27 010 36 987 53 147
10.0 1 114 2 379 3 498 4 820 7 876 12 069 17 175 28 307 38 764 55 700
11.0 1 210 2 584 3 799 5 235 8 554 13 108 18 653 30 743 42 099 60 493